Results

seq1 = 'TGTTACGG'
seq2 = 'GGTTGACTA'

orignal
[[ 0  0  0  0  0  0  0  0  0]
 [ 0  0  3  1  0  0  0  3  3]
 [ 0  0  3  1  0  0  0  3  6]
 [ 0  3  1  6  4  2  0  1  4]
 [ 0  3  1  4  9  7  5  3  2]
 [ 0  1  6  4  7  6  4  8  6]
 [ 0  0  4  3  5 10  8  6  5]
 [ 0  0  2  1  3  8 13 11  9]
 [ 0  3  1  5  4  6 11 10  8]
 [ 0  1  0  3  2  7  9  8  7]]



transition = -1
transversion = -3

[[ 0  0  0  0  0  0  0  0  0]
 [ 0  0  3  1  0  0  0  3  3]
 [ 0  0  3  1  0  0  0  3  6]
 [ 0  3  1  6  4  2  0  1  4]
 [ 0  3  1  4  9  7  5  3  2]
 [ 0  1  6  4  7  *8  *6  8  6]
 [ 0  0  4  3  5 10  8  6  5]
 [ 0  0  2  1  3  8 13 11  9]
 [ 0  3  1  5  4  6 11 10  8]
 [ 0  1  0  3  2  7  9  8  7]]

 transition = -1.5
transversion = -3

[[ 0.   0.   0.   0.   0.   0.   0.   0.   0. ]
 [ 0.   0.   3.   1.   0.   0.   0.   3.   3. ]
 [ 0.   0.   3.   1.   0.   0.   0.   3.   6. ]
 [ 0.   3.   1.   6.   4.   2.   0.   1.   4. ]
 [ 0.   3.   1.   4.   9.   7.   5.   3.   2. ]
 [ 0.   1.   6.   4.   7.   7.5  5.5  8.   6. ]
 [ 0.   0.   4.   3.   5.  10.   8.   6.   5. ]
 [ 0.   0.   2.   1.   3.   8.  13.  11.   9. ]
 [ 0.   3.   1.   5.   4.   6.  11.  10.   8. ]
 [ 0.   1.   0.   3.   2.   7.   9.   8.   7. ]]
